250        0.021414   -0.071022   0.20029
249        0.050035   -0.074838   0.19954
248        0.0020533  -0.086365   0.20424
247       -0.035033   -0.12424    0.20199
246       -0.11154    -0.15111    0.19417
245       -0.23169    -0.18589    0.18714
244       -0.3253     -0.22516    0.17323
243       -0.4496     -0.27762    0.16046
242       -0.66297    -0.33602    0.13387
241       -0.839      -0.395      0.12448
240       -1.0453     -0.46842    0.099516
239       -1.2973     -0.5595     0.067126
238       -1.5895     -0.6592     0.043742
237       -1.9568     -0.7677     0.01536
236       -2.366      -0.8625    -0.018185
235       -2.8305     -0.99178   -0.05013
234       -3.335      -1.1068    -0.10253
233       -3.8712     -1.2162    -0.15174
232       -4.393      -1.3173    -0.21221
231       -4.9295     -1.4103    -0.26199
230       -5.4635     -1.4949    -0.30882
229       -5.9557     -1.5775    -0.35321
228       -6.4415     -1.6402    -0.39884
227       -6.8867     -1.6851    -0.43324
226       -7.2725     -1.7383    -0.46836
225       -7.6497     -1.7584    -0.48361
224       -7.9592     -1.7547    -0.4976
223       -8.1943     -1.7461    -0.50206
222       -8.3412     -1.7298    -0.49336
221       -8.4075     -1.7154    -0.4666
220       -8.4875     -1.7268    -0.44322
219       -8.509      -1.7238    -0.40838
218       -8.5088     -1.7539    -0.386
217       -8.5035     -1.8373    -0.3595
216       -8.588      -1.9823    -0.35348
215       -8.719      -2.1607    -0.37736
214       -8.9548     -2.4127    -0.41124
213       -9.3688     -2.7092    -0.45271
212       -9.831      -3.15      -0.54181
211       -10.375     -3.6925    -0.64977
210       -10.91      -4.2972    -0.74584
209       -11.535     -5.0598    -0.81277
208       -12.015     -5.9402    -0.72674
207       -12.173     -6.777     -0.49733
206       -11.887     -7.6722    -0.18393
205       -11.226     -8.3692     0.13153
204       -10.215     -8.8352     0.39323
203       -8.7468     -8.8637     0.70469
202       -6.7915     -8.455      0.87445
201       -4.8182     -7.5745     0.8474
200       -2.8837     -6.401      0.6771
