250.000000 0.000000
249.000000 0.000000
248.000000 -0.000750
247.000000 0.003950
246.000000 0.001700
245.000000 -0.006120
244.000000 -0.013150
243.000000 -0.027060
242.000000 -0.039830
241.000000 -0.066420
240.000000 -0.075810
239.000000 -0.100774
238.000000 -0.133164
237.000000 -0.156548
236.000000 -0.184930
235.000000 -0.218475
234.000000 -0.250420
233.000000 -0.302820
232.000000 -0.352030
231.000000 -0.412500
230.000000 -0.462280
229.000000 -0.509110
228.000000 -0.553500
227.000000 -0.599130
226.000000 -0.633530
225.000000 -0.668650
224.000000 -0.683900
223.000000 -0.697890
222.000000 -0.702350
221.000000 -0.693650
220.000000 -0.666890
219.000000 -0.643510
218.000000 -0.608670
217.000000 -0.586290
216.000000 -0.559790
215.000000 -0.553770
214.000000 -0.577650
213.000000 -0.611530
212.000000 -0.653000
211.000000 -0.742100
210.000000 -0.850060
209.000000 -0.946130
208.000000 -1.013060
207.000000 -0.927030
206.000000 -0.697620
205.000000 -0.384220
204.000000 -0.068760
203.000000 0.192940
202.000000 0.504400
201.000000 0.674160
200.000000 0.647110
