250.000000 0.200290
249.000000 0.199540
248.000000 0.204240
247.000000 0.201990
246.000000 0.194170
245.000000 0.187140
244.000000 0.173230
243.000000 0.160460
242.000000 0.133870
241.000000 0.124480
240.000000 0.099516
239.000000 0.067126
238.000000 0.043742
237.000000 0.015360
236.000000 -0.018185
235.000000 -0.050130
234.000000 -0.102530
233.000000 -0.151740
232.000000 -0.212210
231.000000 -0.261990
230.000000 -0.308820
229.000000 -0.353210
228.000000 -0.398840
227.000000 -0.433240
226.000000 -0.468360
225.000000 -0.483610
224.000000 -0.497600
223.000000 -0.502060
222.000000 -0.493360
221.000000 -0.466600
220.000000 -0.443220
219.000000 -0.408380
218.000000 -0.386000
217.000000 -0.359500
216.000000 -0.353480
215.000000 -0.377360
214.000000 -0.411240
213.000000 -0.452710
212.000000 -0.541810
211.000000 -0.649770
210.000000 -0.745840
209.000000 -0.812770
208.000000 -0.726740
207.000000 -0.497330
206.000000 -0.183930
205.000000 0.131530
204.000000 0.393230
203.000000 0.704690
202.000000 0.874450
201.000000 0.847400
200.000000 0.677100
