250.000000 0.021414
249.000000 0.050035
248.000000 0.002053
247.000000 -0.035033
246.000000 -0.111540
245.000000 -0.231690
244.000000 -0.325300
243.000000 -0.449600
242.000000 -0.662970
241.000000 -0.839000
240.000000 -1.045300
239.000000 -1.297300
238.000000 -1.589500
237.000000 -1.956800
236.000000 -2.366000
235.000000 -2.830500
234.000000 -3.335000
233.000000 -3.871200
232.000000 -4.393000
231.000000 -4.929500
230.000000 -5.463500
229.000000 -5.955700
228.000000 -6.441500
227.000000 -6.886700
226.000000 -7.272500
225.000000 -7.649700
224.000000 -7.959200
223.000000 -8.194300
222.000000 -8.341200
221.000000 -8.407500
220.000000 -8.487500
219.000000 -8.509000
218.000000 -8.508800
217.000000 -8.503500
216.000000 -8.588000
215.000000 -8.719000
214.000000 -8.954800
213.000000 -9.368800
212.000000 -9.831000
211.000000 -10.375000
210.000000 -10.910000
209.000000 -11.535000
208.000000 -12.015000
207.000000 -12.173000
206.000000 -11.887000
205.000000 -11.226000
204.000000 -10.215000
203.000000 -8.746800
202.000000 -6.791500
201.000000 -4.818200
200.000000 -2.883700
