250.000000 -0.071022
249.000000 -0.074838
248.000000 -0.086365
247.000000 -0.124240
246.000000 -0.151110
245.000000 -0.185890
244.000000 -0.225160
243.000000 -0.277620
242.000000 -0.336020
241.000000 -0.395000
240.000000 -0.468420
239.000000 -0.559500
238.000000 -0.659200
237.000000 -0.767700
236.000000 -0.862500
235.000000 -0.991780
234.000000 -1.106800
233.000000 -1.216200
232.000000 -1.317300
231.000000 -1.410300
230.000000 -1.494900
229.000000 -1.577500
228.000000 -1.640200
227.000000 -1.685100
226.000000 -1.738300
225.000000 -1.758400
224.000000 -1.754700
223.000000 -1.746100
222.000000 -1.729800
221.000000 -1.715400
220.000000 -1.726800
219.000000 -1.723800
218.000000 -1.753900
217.000000 -1.837300
216.000000 -1.982300
215.000000 -2.160700
214.000000 -2.412700
213.000000 -2.709200
212.000000 -3.150000
211.000000 -3.692500
210.000000 -4.297200
209.000000 -5.059800
208.000000 -5.940200
207.000000 -6.777000
206.000000 -7.672200
205.000000 -8.369200
204.000000 -8.835200
203.000000 -8.863700
202.000000 -8.455000
201.000000 -7.574500
200.000000 -6.401000
